0
[[ 11.5 -10.5  -9.5 -11.  -17.   -3.5 -16.   -9.5 -15.  -15. ]]
0
[[ 12.  -12.   -8.  -12.5 -15.5  -3.  -16.5 -10.  -11.5 -14.5]]
0
[[ 10.5 -11.5 -10.5 -14.  -17.   -1.5 -18.   -9.5 -13.  -15. ]]
0
[[ 13.  -10.   -8.  -12.5 -12.5  -6.  -16.5 -11.  -14.5 -14.5]]
0
[[ 12.  -11.   -8.  -13.5 -16.5  -3.  -16.5  -9.  -15.5 -15.5]]
0
[[  9.5 -11.5  -9.5 -14.  -17.   -4.5 -16.  -11.5 -11.  -12. ]]
0
[[ 10.5 -12.5 -10.5 -13.  -16.   -3.5 -17.   -9.5 -17.  -15. ]]
0
[[ 12.  -11.   -8.  -12.5 -13.5  -5.  -14.5  -9.  -11.5 -15.5]]
0
[[ 10.  -13.  -10.  -14.5 -15.5  -2.  -16.5 -11.  -13.5 -13.5]]
0
[[  7.  -13.  -11.  -11.5 -16.5   2.  -15.5  -8.  -13.5 -12.5]]
1
[[-12.5   9.5  -9.5 -13.  -14.   -8.5 -11.  -10.5 -12.   -7. ]]
1
[[-11.   10.   -8.  -10.5 -16.5  -5.  -13.5  -8.   -9.5  -8.5]]
1
[[-12.   10.  -10.  -10.5 -15.5  -6.  -13.5  -8.  -12.5  -8.5]]
1
[[-13.5  10.5  -9.5 -11.  -15.   -6.5 -14.   -9.5 -12.   -8. ]]
1
[[-13.    7.  -10.   -9.5 -11.5  -6.  -11.5  -9.  -13.5  -6.5]]
1
[[-13.5  10.5 -10.5 -13.  -14.   -8.5 -13.  -10.5 -13.   -8. ]]
1
[[-13.   10.  -10.  -11.5 -12.5  -8.  -13.5 -11.  -11.5  -6.5]]
1
[[-13.    9.   -8.  -12.5 -14.5  -8.  -12.5  -9.  -12.5  -9.5]]
1
[[-14.5   9.5  -9.5 -13.  -13.   -8.5 -14.  -10.5 -12.   -7. ]]
1
[[-10.5  -2.5  -8.5  10.  -17.  -10.5 -21.   -8.5  -9.  -11. ]]
2
[[-12.5  -8.5  13.5  -8.  -11.  -10.5 -19.  -11.5 -15.  -16. ]]
2
[[-11.   -9.   18.   -9.5 -14.5  -8.  -17.5 -10.  -11.5 -18.5]]
2
[[-12.5  -5.5   8.5  -5.  -14.   -6.5 -16.   -8.5 -16.  -17. ]]
2
[[ -8.   -6.   13.   -7.5  -8.5  -8.  -12.5  -8.  -19.5 -18.5]]
2
[[-10.5  -6.5  14.5 -12.   -9.   -7.5 -13.   -9.5 -19.  -16. ]]
2
[[ -9.  -11.   10.   -6.5 -16.5  -9.  -19.5  -9.  -13.5 -14.5]]
2
[[-11.   -7.   13.   -5.5 -14.5  -6.  -17.5 -10.  -14.5 -14.5]]
2
[[-10.5 -10.5  17.5 -11.  -12.  -10.5 -17.  -11.5 -14.  -17. ]]
2
[[-10.5 -11.5  18.5  -9.  -16.   -6.5 -19.  -13.5 -12.  -13. ]]
2
[[ -6.   -9.   14.  -10.5 -16.5 -10.  -18.5  -8.   -8.5 -10.5]]
3
[[-10.5  -3.5 -10.5  10.  -17.   -6.5 -18.   -5.5  -6.   -9. ]]
3
[[-10.5  -4.5 -10.5  14.  -16.   -9.5 -22.   -9.5  -9.  -12. ]]
3
[[-14.   -7.  -11.   12.5 -17.5  -6.  -19.5 -10.   -7.5 -10.5]]
3
[[-12.5  -6.5 -11.5  12.  -13.   -5.5 -18.   -7.5 -10.  -12. ]]
3
[[-10.5  -2.5  -8.5  10.  -17.  -10.5 -21.   -8.5  -9.  -11. ]]
3
[[-11.5  -4.5  -5.5  10.  -16.   -8.5 -22.   -9.5  -5.  -11. ]]
3
[[-13.5  -4.5 -10.5  13.  -17.  -11.5 -22.  -12.5  -8.  -11. ]]
3
[[-13.   -5.  -12.   12.5 -16.5  -8.  -19.5 -11.   -8.5 -11.5]]
3
[[-14.5  -9.5  -9.5  10.  -15.   -5.5 -17.   -9.5  -8.  -11. ]]
3
[[-14.5  -6.5 -11.5  12.  -16.  -10.5 -22.  -12.5  -7.  -10. ]]
4
[[-10.  -13.   -9.  -16.5  10.5  -7.  -13.5  -8.  -14.5 -13.5]]
4
[[-14.5 -13.5 -15.5 -12.    6.   -6.5 -17.   -5.5  -9.  -10. ]]
4
[[ -8.  -12.  -12.  -13.5   9.5  -8.  -13.5  -5.  -13.5 -14.5]]
4
[[ -7.5 -11.5 -11.5 -12.    9.   -7.5 -14.   -4.5 -15.  -16. ]]
4
[[ -7.5 -11.5 -10.5 -15.   10.   -6.5 -14.   -5.5 -13.  -14. ]]
4
[[ -9.5 -10.5 -12.5 -15.    8.   -4.5  -8.  -11.5 -14.  -11. ]]
4
[[ -8.  -12.  -13.  -13.5   7.5  -5.  -15.5  -7.  -13.5 -14.5]]
4
[[-12.5 -12.5 -11.5  -9.    2.   -4.5 -15.   -9.5  -9.  -10. ]]
4
[[ -7.  -11.  -12.  -15.5   8.5 -10.  -13.5  -6.  -15.5 -11.5]]
4
[[ -7.5 -10.5 -11.5 -14.    9.   -8.5 -16.   -5.5 -13.  -14. ]]
5
[[ -6.5  -9.5  -3.5 -11.   -6.    3.5  -3.   -7.5  -2.  -13. ]]
5
[[-15.   -9.  -11.   -6.5 -11.5  17.  -18.5 -10.  -10.5 -13.5]]
5
[[-17.5 -14.5 -14.5  -9.  -11.   17.5 -18.   -9.5 -10.  -11. ]]
5
[[-15.  -14.  -15.   -8.5 -16.5  14.  -21.5  -9.   -5.5  -8.5]]
5
[[-15.5 -11.5 -16.5  -9.  -16.   14.5 -19.   -6.5  -8.  -11. ]]
5
[[-14.  -12.  -15.   -8.5 -12.5  16.  -20.5  -9.   -7.5 -10.5]]
5
[[-12.  -12.  -14.  -10.5 -11.5  14.  -19.5  -3.  -10.5 -10.5]]
5
[[-16.  -12.  -18.   -6.5 -16.5  16.  -20.5  -9.   -7.5  -9.5]]
5
[[-17.5 -14.5 -16.5  -7.  -17.   13.5 -21.   -8.5  -5.   -8. ]]
5
[[-15.5 -12.5 -15.5  -9.  -18.   15.5 -19.   -7.5  -8.  -10. ]]
6
[[-12.5 -12.5  -6.5 -16.  -10.   -8.5   8.  -16.5 -13.  -16. ]]
6
[[-11.5 -12.5 -11.5 -12.   -8.   -3.5   8.  -11.5 -12.  -14. ]]
6
[[ -9.  -15.   -8.  -16.5  -8.5  -4.    7.5 -10.  -10.5 -16.5]]
6
[[-13.  -13.  -12.   -9.5  -8.5  -3.    8.5 -12.  -12.5 -14.5]]
6
[[ -9.  -14.   -9.  -15.5  -9.5  -9.    7.5 -13.  -11.5 -16.5]]
6
[[ -9.5 -12.5  -7.5 -13.   -7.   -4.5   6.  -12.5 -14.  -14. ]]
6
[[-12.5 -13.5  -6.5 -16.   -8.   -5.5   9.  -13.5 -14.  -14. ]]
6
[[ -8.  -15.   -6.  -17.5 -13.5  -9.    9.5 -10.  -11.5 -15.5]]
6
[[-12.  -14.   -8.  -14.5  -9.5  -7.    9.5 -14.  -10.5 -15.5]]
6
[[ -5.  -13.  -11.  -14.5 -10.5  -5.    0.5 -14.  -12.5 -13.5]]
7
[[ -5.  -11.  -14.  -13.5 -13.5 -12.  -24.5  13.  -17.5 -16.5]]
7
[[ -7.  -10.  -10.   -8.5 -17.5  -9.  -27.5   9.  -13.5 -14.5]]
7
[[ -8.  -10.  -14.  -10.5 -17.5  -9.  -25.5  12.  -15.5 -13.5]]
7
[[-14.  -10.  -10.  -11.5 -12.5 -12.  -20.5  10.  -11.5 -13.5]]
7
[[ -8.   -9.  -13.  -11.5 -14.5 -11.  -24.5  13.  -14.5 -13.5]]
7
[[ -9.5 -12.5 -12.5 -12.  -12.  -10.5 -26.   13.5 -16.  -16. ]]
7
[[ -6.5 -11.5 -13.5  -9.  -18.   -9.5 -26.   13.5 -18.  -17. ]]
7
[[ -9.  -11.  -14.   -6.5 -10.5 -12.  -24.5   8.  -13.5 -11.5]]
7
[[ -6.5  -7.5 -14.5 -11.  -16.  -11.5 -26.   11.5 -15.  -13. ]]
7
[[ -8.5 -11.5 -12.5 -14.  -15.  -10.5 -25.   13.5 -17.  -14. ]]
8
[[-12.5 -11.5  -1.5  -8.  -14.   -6.5 -14.  -10.5  12.  -11. ]]
8
[[-13.  -10.   -7.  -11.5 -15.5  -6.  -13.5  -5.   14.5 -10.5]]
8
[[ -9.   -7.   -5.   -9.5 -14.5  -7.  -11.5  -7.   10.5  -8.5]]
8
[[-11.  -10.   -8.   -7.5 -16.5  -5.  -16.5  -8.   14.5  -8.5]]
8
[[-12.  -10.   -6.  -12.5 -16.5  -8.  -13.5  -5.   15.5  -9.5]]
8
[[-11.5  -9.5  -7.5  -9.  -15.   -5.5 -16.   -6.5  15.  -11. ]]
8
[[-12.5  -8.5  -6.5 -11.  -17.   -5.5 -14.   -5.5  15.   -9. ]]
8
[[-12.  -11.   -6.   -8.5 -14.5  -8.  -14.5  -9.   13.5  -5.5]]
8
[[-11.  -10.   -8.   -9.5 -14.5  -9.  -13.5  -5.   14.5  -9.5]]
8
[[-12.5  -6.5  -9.5  -1.  -14.   -5.5 -16.  -12.5   6.  -10. ]]
9
[[-12.5 -10.5 -11.5 -10.   -9.   -9.5 -13.   -8.5  -9.    6. ]]
9
[[-12.  -12.  -12.  -12.5  -7.5 -12.  -16.5  -7.  -11.5   6.5]]
9
[[ -8.  -11.  -13.  -14.5 -14.5 -10.  -14.5  -7.  -14.5  10.5]]
9
[[ -5.5 -12.5 -11.5 -13.  -15.   -7.5 -16.   -6.5 -12.    6. ]]
9
[[-12.5 -12.5 -15.5 -14.  -11.   -8.5 -22.    0.5 -13.    0. ]]
9
[[ -8.  -11.  -13.  -14.5 -13.5 -11.  -14.5  -8.  -15.5   9.5]]
9
[[ -8.5  -7.5 -12.5 -11.    1.   -2.5 -17.   -5.5  -8.   -8. ]]
9
[[-13.5  -5.5 -19.5  -9.  -10.   -9.5 -23.   -4.5 -10.    5. ]]
9
[[-12.5  -3.5 -15.5 -13.   -4.   -6.5 -14.   -5.5 -10.    3. ]]
9
[[-14.   -6.  -16.  -14.5  -3.5 -11.  -15.5  -7.  -10.5   6.5]]


0
[[ 16.  -29.5 -14.  -15.5 -12.5 -23.  -23.  -18.  -34.5 -11.5]]
0
[[  7.5 -31.   -9.5 -21.  -13.  -21.5 -26.5 -22.5 -32.  -12. ]]
0
[[ 12.  -34.5 -14.  -19.5 -13.5 -21.  -30.  -19.  -35.5  -7.5]]
0
[[ 12.  -31.5 -15.  -17.5 -12.5 -22.  -20.  -21.  -29.5 -11.5]]
0
[[ 13.5 -34.  -15.5 -17.  -15.  -23.5 -27.5 -20.5 -33.   -9. ]]
0
[[  7.5 -29.  -19.5 -15.  -13.  -17.5 -30.5 -24.5 -29.   -5. ]]
0
[[ 11.5 -31.  -11.5 -18.  -14.  -22.5 -24.5 -19.5 -36.  -10. ]]
0
[[ 15.  -29.5 -17.  -15.5 -11.5 -21.  -25.  -18.  -32.5  -9.5]]
0
[[ 14.  -34.5 -17.  -18.5 -14.5 -22.  -29.  -20.  -33.5  -5.5]]
0
[[ -3.5 -29.   -1.5 -18.  -11.  -17.5 -34.5 -19.5 -42.  -11. ]]
1
[[-28.   19.5 -19.  -21.5  -9.5 -20.  -28.  -23.  -32.5 -19.5]]
1
[[-28.   18.5 -20.  -23.5  -8.5 -17.  -30.  -25.  -30.5 -21.5]]
1
[[-28.   18.5 -21.  -22.5 -11.5 -17.  -29.  -26.  -31.5 -21.5]]
1
[[-35.   18.5 -20.  -24.5 -12.5 -14.  -25.  -24.  -28.5 -16.5]]
1
[[-32.5  17.  -21.5 -24.  -12.  -15.5 -26.5 -25.5 -28.  -11. ]]
1
[[-32.5  17.  -20.5 -22.  -11.  -14.5 -25.5 -26.5 -30.  -14. ]]
1
[[-29.   14.5 -21.  -21.5 -10.5 -14.  -24.  -30.  -24.5 -15.5]]
1
[[-28.   18.5 -18.  -22.5  -9.5 -17.  -31.  -24.  -31.5 -23.5]]
1
[[-33.   13.5 -16.  -22.5 -12.5 -15.  -25.  -30.  -23.5 -15.5]]
1
[[-22.  -23.5 -16.    6.5 -10.5 -16.  -35.  -26.  -29.5 -15.5]]
2
[[-27.  -12.5  15.  -18.5 -12.5 -16.  -25.  -29.  -31.5 -24.5]]
2
[[-25.  -19.5  15.  -24.5 -13.5 -18.  -26.  -31.  -35.5 -26.5]]
2
[[-29.  -15.5  10.  -14.5 -12.5 -12.  -29.  -29.  -32.5 -22.5]]
2
[[-23.5  -8.    8.5 -19.   -7.  -16.5 -24.5 -27.5 -31.  -29. ]]
2
[[-23.5 -20.   15.5 -21.  -11.  -19.5 -21.5 -29.5 -32.  -29. ]]
2
[[-22.  -16.5  13.  -22.5 -11.5 -16.  -27.  -27.  -37.5 -26.5]]
2
[[-25.  -21.5  14.  -24.5 -14.5 -21.  -27.  -23.  -28.5 -22.5]]
2
[[-22.5 -19.   15.5 -25.  -14.  -16.5 -29.5 -30.5 -35.  -25. ]]
2
[[-24.5 -18.   14.5 -24.  -11.  -15.5 -26.5 -28.5 -33.  -26. ]]
2
[[-22.5 -22.   10.5 -26.  -17.  -24.5 -25.5 -22.5 -25.  -17. ]]
3
[[-22.  -15.5 -13.    2.5  -6.5 -14.  -32.  -30.  -13.5 -13.5]]
3
[[-29.  -20.5 -19.    9.5  -9.5 -13.  -35.  -21.  -29.5 -17.5]]
3
[[-24.5 -20.  -15.5   3.  -11.  -14.5 -36.5 -30.5 -30.  -13. ]]
3
[[-22.5  -8.  -15.5   4.   -8.  -12.5 -27.5 -28.5 -24.  -15. ]]
3
[[-22.  -23.5 -16.    6.5 -10.5 -16.  -35.  -26.  -29.5 -15.5]]
3
[[-31.  -19.5   1.   -5.5 -13.5 -15.  -34.  -34.  -25.5 -23.5]]
3
[[-26.  -22.5 -16.    7.5  -8.5 -15.  -35.  -30.  -24.5 -16.5]]
3
[[-24.  -18.5 -17.    0.5 -12.5 -10.  -37.  -27.  -33.5 -15.5]]
3
[[-15.  -17.5 -15.    0.5 -10.5  -9.  -30.  -15.  -32.5 -12.5]]
3
[[-22.5 -21.  -13.5   5.  -10.  -14.5 -36.5 -29.5 -28.  -17. ]]
4
[[-22.5 -17.  -10.5 -18.    8.  -21.5 -26.5 -20.5 -24.   -9. ]]
4
[[-27.  -15.5 -14.  -21.5  11.5 -18.  -30.  -19.  -19.5 -14.5]]
4
[[-24.5 -19.  -13.5 -19.   11.  -22.5 -33.5 -21.5 -26.  -12. ]]
4
[[-23.  -14.5 -15.  -19.5   1.5 -26.  -36.  -10.  -29.5  -6.5]]
4
[[-24.5 -15.  -13.5 -21.    8.  -24.5 -31.5 -22.5 -27.   -7. ]]
4
[[-24.  -20.5  -8.  -23.5  -0.5 -19.  -13.  -29.  -22.5 -12.5]]
4
[[-27.  -15.5 -17.  -19.5   8.5 -21.  -31.  -16.  -23.5 -12.5]]
4
[[-23.  -20.5  -9.  -20.5   0.5 -22.  -32.  -26.  -16.5  -1.5]]
4
[[-25.5 -16.  -11.5 -18.    5.  -21.5 -22.5 -21.5 -22.  -11. ]]
4
[[-26.  -17.5 -13.  -16.5  11.5 -19.  -31.  -19.  -23.5 -13.5]]
5
[[-24.5 -24.   -5.5 -23.   -5.  -12.5 -10.5 -33.5 -18.  -15. ]]
5
[[-24.  -14.5 -16.   -9.5  -5.5   6.  -32.  -26.  -26.5 -16.5]]
5
[[-21.5 -20.  -16.5 -15.   -7.    4.5 -32.5 -24.5 -23.  -14. ]]
5
[[-20.  -20.5 -16.  -15.5  -6.5   5.  -32.  -22.  -24.5 -14.5]]
5
[[-26.  -19.5 -14.  -14.5  -8.5   9.  -29.  -24.  -22.5 -14.5]]
5
[[-24.  -14.5 -19.   -9.5  -3.5   3.  -36.  -26.  -26.5 -13.5]]
5
[[-17.  -13.5 -19.  -24.5  -4.5  -3.  -31.  -11.  -27.5 -13.5]]
5
[[-22.5 -21.  -15.5 -14.   -8.    1.5 -34.5 -21.5 -25.  -12. ]]
5
[[-24.5 -20.  -17.5 -11.   -5.    4.5 -33.5 -24.5 -22.  -11. ]]
5
[[-24.5 -18.  -13.5 -17.   -8.    9.5 -28.5 -23.5 -22.  -15. ]]
6
[[-21.  -13.5  -4.  -21.5 -16.5 -15.   -1.  -32.  -25.5 -21.5]]
6
[[-29.  -13.5 -17.  -23.5  -7.5 -11.    1.  -28.  -28.5 -17.5]]
6
[[-26.5 -16.  -12.5 -22.  -15.  -13.5   3.5 -30.5 -23.  -17. ]]
6
[[-22.5 -21.  -16.5 -18.  -12.  -11.5  -3.5 -30.5 -30.  -18. ]]
6
[[-20.  -14.5  -8.  -22.5 -15.5 -14.   -1.  -34.  -24.5 -20.5]]
6
[[-16.  -12.5   0.  -15.5  -9.5 -16.  -12.  -23.  -34.5 -20.5]]
6
[[-25.5 -18.  -11.5 -23.   -9.  -16.5  -0.5 -29.5 -28.  -17. ]]
6
[[-27.5 -15.  -16.5 -23.   -8.  -14.5   3.5 -25.5 -28.  -18. ]]
6
[[-24.  -17.5 -16.  -22.5 -12.5 -18.    6.  -30.  -26.5 -15.5]]
6
[[-23.  -18.5 -13.  -23.5 -12.5 -15.   -2.  -32.  -26.5 -15.5]]
7
[[-24.5 -14.  -17.5 -21.  -12.  -23.5 -38.5  16.5 -37.  -22. ]]
7
[[-24.  -15.5 -17.  -21.5 -14.5 -25.  -41.   18.  -35.5 -23.5]]
7
[[-23.5 -13.  -17.5 -19.  -11.  -21.5 -38.5  17.5 -38.  -19. ]]
7
[[-28.  -20.5 -12.  -18.5 -16.5 -28.  -37.    2.  -28.5 -20.5]]
7
[[-27.  -15.5 -10.  -18.5 -13.5 -25.  -35.    3.  -31.5 -22.5]]
7
[[-26.5 -13.  -16.5 -21.  -16.  -21.5 -40.5  14.5 -35.  -24. ]]
7
[[-27.5 -12.  -20.5 -22.  -15.  -19.5 -42.5  16.5 -36.  -19. ]]
7
[[-27.5 -17.   -9.5 -17.  -11.  -25.5 -38.5   5.5 -31.  -25. ]]
7
[[-26.  -14.5 -18.  -22.5 -14.5 -24.  -40.   16.  -33.5 -23.5]]
7
[[-25.   -9.5 -21.  -17.5 -14.5 -29.  -40.   13.  -31.5 -23.5]]
8
[[-18.5 -20.    4.5 -23.  -15.  -14.5 -28.5 -36.5 -13.  -13. ]]
8
[[-30.  -17.5 -13.  -18.5  -4.5 -11.  -24.  -28.   -2.5 -12.5]]
8
[[-22.  -20.5 -11.  -15.5  -6.5 -14.  -32.  -35.    0.5 -14.5]]
8
[[-23.  -19.5 -14.  -18.5 -10.5 -17.  -34.  -33.    3.5  -7.5]]
8
[[-23.  -16.5 -14.  -19.5  -7.5 -18.  -28.  -33.    3.5  -9.5]]
8
[[-21.5 -18.   -5.5 -22.  -12.  -15.5 -30.5 -33.5   1.  -12. ]]
8
[[-24.5 -21.   -9.5 -16.   -7.  -17.5 -28.5 -32.5   3.   -5. ]]
8
[[-22.  -17.5   3.  -16.5 -13.5 -19.  -30.  -32.   -7.5 -15.5]]
8
[[-25.  -21.5  -4.  -14.5 -16.5 -18.  -29.  -36.   -5.5 -15.5]]
8
[[-15.  -20.5  -8.   -5.5  -7.5 -14.  -28.  -36.  -11.5 -15.5]]
9
[[-25.5 -16.  -13.5 -13.   -3.  -27.5 -32.5 -18.5 -26.    2. ]]
9
[[-26.5 -13.  -19.5 -12.   -9.  -27.5 -35.5  -9.5 -26.    3. ]]
9
[[-24.5 -13.  -23.5 -11.   -9.  -28.5 -37.5 -13.5 -29.    2. ]]
9
[[-22.  -20.5 -16.  -13.5  -9.5 -32.  -33.   -9.  -23.5   2.5]]
9
[[-25.   -9.5 -28.  -14.5   0.5 -26.  -38.   -8.  -30.5   0.5]]
9
[[-22.  -17.5 -20.  -13.5  -4.5 -26.  -34.  -17.  -25.5   5.5]]
9
[[-24.  -12.5 -10.  -27.5   4.5 -18.  -34.  -24.  -22.5  -5.5]]
9
[[-27.5  -3.  -15.5 -11.   -9.  -21.5 -42.5 -12.5 -22.   -6. ]]
9
[[-26.5  -7.  -20.5 -13.    1.  -20.5 -36.5 -27.5 -22.    5. ]]
9
[[-28.5  -6.  -12.5 -22.    3.  -14.5 -35.5 -24.5 -20.   -3. ]]